20
11 25 36 32 17 31 22 29 5 20 4 31 1 11 10 19 4 9 6 11 
14 11 21 22 37 37 33 16 35 26 7 9 22 21 36 12 15 19 8 22 
30 26 27 25 26 10 19 5 7 7 16 2 24 24 31 20 28 31 2 10 
28 21 24 5 10 26 33 2 30 21 18 21 18 6 31 26 29 30 22 40 
37 23 40 21 5 38 35 32 30 25 10 7 18 30 38 29 4 2 5 31 
2 35 17 4 12 19 20 39 39 9 15 18 34 37 26 17 2 40 37 8 
25 30 5 9 17 17 11 6 38 19 38 7 9 40 9 33 32 21 31 36 
3 17 2 39 34 30 27 1 19 20 3 22 7 3 40 5 12 34 12 35 
5 1 40 30 37 15 21 39 18 33 27 36 22 24 2 17 18 38 13 19 
35 4 8 8 14 3 38 31 31 21 37 40 5 31 29 39 18 14 27 18 
14 2 20 36 19 19 20 13 36 7 23 8 14 14 31 10 16 26 12 34 
15 38 1 17 10 9 19 38 5 7 5 14 40 37 14 39 7 6 36 40 
21 7 34 39 1 20 5 6 11 13 4 19 24 16 29 34 24 4 37 9 
17 23 8 15 13 21 22 34 14 13 14 37 25 2 12 10 24 3 21 25 
18 7 4 37 5 33 6 23 28 3 23 26 11 18 31 26 7 22 23 17 
3 4 13 40 20 18 32 22 22 39 29 8 16 29 23 5 27 11 5 5 
40 35 14 37 6 28 24 18 11 5 37 32 34 31 7 13 35 14 2 39 
8 12 39 6 35 18 10 15 13 11 17 22 33 7 37 32 39 17 5 10 
21 29 29 2 40 34 38 16 8 39 6 24 33 14 16 38 6 34 15 14 
16 38 29 24 20 35 40 5 26 5 35 8 17 3 26 20 25 9 38 13 

0 4 8 20 24 22 29 16 13 25 19 15 20 0 3 15 3 13 1 2 
4 0 2 0 0 2 12 15 1 4 14 28 16 28 8 2 2 36 4 2 
8 2 0 14 13 16 4 17 12 13 4 16 14 15 3 8 34 18 4 19 
20 0 14 0 2 29 2 14 12 18 1 4 16 30 2 19 2 26 3 4 
24 0 13 2 0 8 3 12 3 2 2 25 3 3 4 13 3 4 8 20 
22 2 16 29 8 0 2 4 14 4 4 14 0 0 2 8 4 14 25 2 
29 12 4 2 3 2 0 8 31 21 12 34 19 3 13 3 12 8 12 0 
16 15 17 14 12 4 8 0 15 3 18 21 8 29 25 15 3 16 0 3 
13 1 12 12 3 14 31 15 0 3 4 3 20 13 3 15 4 4 2 4 
25 4 13 18 2 4 21 3 3 0 13 22 1 2 30 1 8 17 14 41 
19 14 4 1 2 4 12 18 4 13 0 0 12 3 13 1 34 19 1 18 
15 28 16 4 25 14 34 21 3 22 0 0 1 0 1 29 16 12 19 24 
20 16 14 16 3 0 19 8 20 1 12 1 0 16 21 1 2 0 4 4 
0 28 15 30 3 0 3 29 13 2 3 0 16 0 0 29 2 2 4 1 
3 8 3 2 4 2 13 25 3 30 13 1 21 0 0 1 3 14 2 4 
15 2 8 19 13 8 3 15 15 1 1 29 1 29 1 0 14 1 12 3 
3 2 34 2 3 4 12 3 4 8 34 16 2 2 3 14 0 13 15 8 
13 36 18 26 4 14 8 16 4 17 19 12 0 2 14 1 13 0 20 3 
1 4 4 3 8 25 12 0 2 14 1 19 4 4 2 12 15 20 0 14 
2 2 19 4 20 2 0 3 4 41 18 24 4 1 4 3 8 3 14 0 

0 1 2 3 4 1 2 3 4 5 2 3 4 5 6 3 4 5 6 7 
1 0 1 2 3 2 1 2 3 4 3 2 3 4 5 4 3 4 5 6 
2 1 0 1 2 3 2 1 2 3 4 3 2 3 4 5 4 3 4 5 
3 2 1 0 1 4 3 2 1 2 5 4 3 2 3 6 5 4 3 4 
4 3 2 1 0 5 4 3 2 1 6 5 4 3 2 7 6 5 4 3 
1 2 3 4 5 0 1 2 3 4 1 2 3 4 5 2 3 4 5 6 
2 1 2 3 4 1 0 1 2 3 2 1 2 3 4 3 2 3 4 5 
3 2 1 2 3 2 1 0 1 2 3 2 1 2 3 4 3 2 3 4 
4 3 2 1 2 3 2 1 0 1 4 3 2 1 2 5 4 3 2 3 
5 4 3 2 1 4 3 2 1 0 5 4 3 2 1 6 5 4 3 2 
2 3 4 5 6 1 2 3 4 5 0 1 2 3 4 1 2 3 4 5 
3 2 3 4 5 2 1 2 3 4 1 0 1 2 3 2 1 2 3 4 
4 3 2 3 4 3 2 1 2 3 2 1 0 1 2 3 2 1 2 3 
5 4 3 2 3 4 3 2 1 2 3 2 1 0 1 4 3 2 1 2 
6 5 4 3 2 5 4 3 2 1 4 3 2 1 0 5 4 3 2 1 
3 4 5 6 7 2 3 4 5 6 1 2 3 4 5 0 1 2 3 4 
4 3 4 5 6 3 2 3 4 5 2 1 2 3 4 1 0 1 2 3 
5 4 3 4 5 4 3 2 3 4 3 2 1 2 3 2 1 0 1 2 
6 5 4 3 4 5 4 3 2 3 4 3 2 1 2 3 2 1 0 1 
7 6 5 4 3 6 5 4 3 2 5 4 3 2 1 4 3 2 1 0